01_10_bin.graph 0 4 5 6
02_10_bin.graph 0 9
03_10_bin.graph 3 6
04_10_bin.graph 4 6 8
05_10_bin.graph 0 7 8
06_50_bin.graph 4 11 14 20 38
07_50_bin.graph 3 7 13 48
08_50_bin.graph 4 13 22 26 43
09_50_bin.graph 17 33 34 46
10_50_bin.graph 6 9 14 40 48
11_100_bin.graph 27 57 67 73 76
12_100_bin.graph 1 3 38 83 89 97
13_100_bin.graph 3 14 16 43 81 93
14_100_bin.graph 11 20 31 34 53 65 99
15_100_bin.graph 2 27 42 44 77 99
16_10_paw.graph 0 3
17_10_paw.graph 0 1 2 4
18_10_paw.graph 0 2
19_10_paw.graph 1 3
20_10_paw.graph 2 3
21_50_paw.graph 0 1 2 3 4 6 7 8 10 11 12 18 19 24 26 37
22_50_paw.graph 0 1 2 3 5 6 7 10 14 16 20 21
23_50_paw.graph 0 1 2 3 4 5 8 9 10 11 12 16 20 26
24_50_paw.graph 0 1 2 3 4 5 6 8 9 10 11 12 13 16 17 18 19 20 23 25 32
25_50_paw.graph 0 1 2 3 4 5 8 9 10 11 12 13 14 15 16 17 18 20 22 23 24 27 30 43
26_100_paw.graph 0 1 2 3 4 5 7 8 9 10 12 13 14 16 19 21 22 25 27 30 34 53
27_100_paw.graph 0 1 2 3 4 5 6 7 8 9 10 11 12 13 15 16 17 20 21 23 24 26 28 29 33 34 35 37 39 40 41 42 45 46 47 50 53 55 59 62 66 69 72 80
28_100_paw.graph 0 1 2 3 4 5 6 7 8 9 10 12 15 16 18 19 21 22 23 24 25 28 30 32 35 57 75
29_100_paw.graph 0 1 2 3 4 5 6 7 8 9 10 11 14 15 16 17 18 19 20 21 22 23 24 25 26 27 29 32 34 35 36 37 41 43 47 48 55 56 59 61 74 75
30_100_paw.graph 0 1 2 3 4 5 6 7 8 9 10 11 12 13 15 16 17 18 19 21 22 24 25 27 28 29 31 32 33 34 37 40 41 44 46 47 48 50 54 58 80 93
31_10_reg.graph 0 1 2 4 5 8
32_10_reg.graph 0 1 3 4 5 6
33_10_reg.graph 0 3 6 7 8 9
34_10_reg.graph 1 2 3 4 6 7 8 9
35_10_reg.graph 0 1 2 3 4 7 8 9
36_50_reg.graph 0 1 2 3 4 5 6 7 8 9 10 11 12 13 14 15 16 17 18 19 20 22 23 24 25 26 27 28 29 30 31 32 33 34 36 37 38 39 40 41 42 43 44 45 46 47 48 49
37_50_reg.graph 0 1 2 3 4 5 6 8 9 11 12 13 15 16 17 18 19 20 21 22 23 24 25 26 28 29 30 32 33 34 35 36 37 38 39 40 41 42 43 44 45 46 47 48 49
38_50_reg.graph 0 1 2 3 4 5 6 7 8 10 11 12 13 14 15 17 18 19 20 21 22 23 24 25 26 27 29 30 31 32 33 35 36 37 38 39 40 42 43 44 45 46 47 48 49
39_50_reg.graph 0 1 2 3 4 5 6 7 8 9 10 11 12 13 14 15 16 17 18 19 20 21 22 23 24 25 26 27 28 29 30 31 32 33 34 36 37 38 39 41 42 43 44 45 46 47 48 49
40_50_reg.graph 1 3 7 8 9 10 11 12 13 14 15 17 18 19 20 21 23 24 25 26 27 28 29 30 31 32 33 34 35 36 37 38 40 42 43 44 45 46 47 48 49
41_100_reg.graph 0 1 2 3 4 5 6 7 8 9 10 11 13 14 16 17 18 19 20 21 22 23 24 25 26 27 28 29 30 31 32 33 34 35 36 37 38 39 41 42 43 44 45 46 47 48 49 50 51 52 53 55 56 57 58 59 60 61 62 63 64 65 66 67 68 69 70 71 72 73 74 75 76 77 78 79 80 81 82 83 84 85 86 88 89 90 91 92 93 94 95 96 97 98 99
42_100_reg.graph 1 2 3 4 5 6 7 8 9 11 12 13 14 15 16 17 18 19 20 21 22 23 24 25 26 27 28 29 30 31 32 33 34 35 36 37 38 39 40 41 42 43 44 45 46 47 48 49 50 51 52 53 54 55 56 57 58 59 60 61 63 64 65 66 67 68 69 70 71 72 73 74 75 77 78 79 80 81 82 83 84 85 86 87 88 89 90 91 92 93 95 96 97 98 99
43_100_reg.graph 0 1 2 3 4 5 6 7 8 9 10 11 12 13 14 15 16 17 18 19 20 21 22 23 24 25 26 27 29 30 31 32 33 34 35 36 37 39 40 41 42 43 44 45 46 47 48 50 51 52 53 54 55 56 57 58 59 60 61 62 63 64 65 66 67 69 70 71 72 73 74 76 77 78 79 80 81 82 83 84 85 86 87 88 89 90 91 92 93 94 95 96 97 98 99
44_100_reg.graph 0 1 2 3 4 5 6 7 8 9 11 12 13 14 15 16 17 18 20 22 23 24 25 26 27 28 29 30 31 32 33 34 35 36 37 38 39 40 41 42 43 44 45 46 47 48 49 50 51 52 53 54 55 56 57 58 59 60 61 62 63 64 65 66 67 68 69 70 71 72 73 74 76 77 78 79 80 82 83 84 85 86 87 88 89 90 91 92 93 94 95 96 97 98
45_100_reg.graph 0 1 2 3 4 5 6 7 8 9 10 11 12 13 14 15 16 17 18 19 20 21 22 23 24 25 26 27 28 29 30 31 32 33 34 35 36 37 38 39 40 41 42 44 45 46 47 48 49 50 51 52 53 54 55 56 57 58 59 60 61 62 63 64 65 66 67 68 69 70 71 72 73 74 75 77 78 79 80 81 82 84 85 86 88 89 90 91 92 93 94 95 96 97 98 99
