01_10_bin.graph 4 6
02_10_bin.graph 0 1
03_10_bin.graph 1 6
04_10_bin.graph 3 4
05_10_bin.graph 1 8
06_50_bin.graph 0 1 14
07_50_bin.graph 5 27 36
08_50_bin.graph 1 7 18
09_50_bin.graph 0 18 33
10_50_bin.graph 2 26 48
11_100_bin.graph 0 1 4 7
12_100_bin.graph 3 10 79
13_100_bin.graph 3 68 93
14_100_bin.graph 0 1 6 46
15_100_bin.graph 0 2 3 77
16_10_paw.graph 0 3
17_10_paw.graph 0 1 4
18_10_paw.graph 0 2
19_10_paw.graph 2 3
20_10_paw.graph 2 3
21_50_paw.graph 0 1 2 4 6 8 19 24 37
22_50_paw.graph 0 1 2 3 5 7 10
23_50_paw.graph 1 2 3 4 5 8 9 10 14 20 26
24_50_paw.graph 0 2 3 5 8 12 16 19 20 23 25 36
25_50_paw.graph 0 1 2 3 5 9 15 17 22 23 27
26_100_paw.graph 0 2 3 5 7 8 10 12 13 14 16 22 25 30 32 34 39
27_100_paw.graph 0 1 2 8 10 11 12 13 15 20 29 33 34 35 59 80
28_100_paw.graph 0 1 2 3 4 6 8 10 12 15 18 21 25 30 55 71
29_100_paw.graph 0 1 2 3 7 8 11 16 17 24 26 27 32 34 55 61 65 70
30_100_paw.graph 0 1 2 4 5 6 8 12 16 17 21 28 29 32 40 64
31_10_reg.graph 0 4 7 9
32_10_reg.graph 1 2 5 7
33_10_reg.graph 0 2 4 7
34_10_reg.graph 0 3 4 8
35_10_reg.graph 0 1 4 6
36_50_reg.graph 0 1 2 11 12 14 16 17 24 26 27 28 30 31 36 37 40 45 49
37_50_reg.graph 1 4 8 12 13 15 16 19 20 22 23 24 25 26 30 32 37 39 40 44
38_50_reg.graph 2 3 4 9 15 18 21 23 25 28 32 35 39 42 43 44 45 46 47 49
39_50_reg.graph 1 2 3 8 10 12 14 16 17 18 20 21 22 25 29 30 32 36 47
40_50_reg.graph 1 5 7 11 13 16 17 19 23 24 26 28 34 35 37 42 45 49
