01_10_bin.graph 0 5
02_10_bin.graph 1 4
03_10_bin.graph 1 8
04_10_bin.graph 2 3
05_10_bin.graph 0 4 7
06_50_bin.graph 0 25 30
07_50_bin.graph 0 27 38
08_50_bin.graph 3 28 49
09_50_bin.graph 1 27 40
10_50_bin.graph 0 8 11
11_100_bin.graph 1 36 97
12_100_bin.graph 0 2 5 38
13_100_bin.graph 0 2 14 46
14_100_bin.graph 0 4 38 83
15_100_bin.graph 0 2 33 39
16_10_paw.graph 0 1 6
17_10_paw.graph 0 1 4
18_10_paw.graph 0 2
19_10_paw.graph 0 4
20_10_paw.graph 0 1 5
21_50_paw.graph 0 1 2 3 4 8 17 19 34
22_50_paw.graph 0 2 4 5 6 12 13 21 22 24 34
23_50_paw.graph 1 2 6 7 10 15 24 30
24_50_paw.graph 0 1 3 4 6 17 20 25 28
25_50_paw.graph 0 1 2 4 6 7 10 14 16
26_100_paw.graph 0 1 2 3 5 6 7 8 13 17 18 23 24 29 41 50 67 72 73
27_100_paw.graph 1 2 3 4 5 6 8 10 11 15 16 18 25 35 36 40 60
28_100_paw.graph 0 1 2 3 5 6 7 8 9 12 20 21 22 31 51 52 70 85
29_100_paw.graph 0 1 2 3 4 10 11 13 16 17 19 34 49 61 71
30_100_paw.graph 0 1 2 3 4 8 9 10 11 13 19 24 29 34 35 41 47
31_10_reg.graph 0 1 4 6
32_10_reg.graph 0 5 6 7
33_10_reg.graph 0 1 5 6
34_10_reg.graph 0 1 3 9
35_10_reg.graph 0 2 4 7
36_50_reg.graph 1 2 3 4 7 13 20 23 24 26 27 33 34 35 36 41 43 45 48
37_50_reg.graph 6 7 8 10 11 14 15 16 17 22 24 25 27 28 29 34 37 45 48
38_50_reg.graph 3 6 7 14 15 17 18 19 23 24 30 31 32 35 38 39 45 46 48
39_50_reg.graph 0 6 7 9 10 12 14 17 18 24 27 28 39 40 43 46 47 48
40_50_reg.graph 0 2 3 4 12 13 14 15 24 26 27 28 31 32 33 37 40 41 47
41_100_reg.graph 3 4 5 7 9 10 12 13 15 16 19 27 30 32 33 35 40 44 47 51 54 57 60 61 62 66 69 70 72 76 77 78 80 82 83 91 93 97
42_100_reg.graph 0 1 2 5 6 11 15 16 20 22 25 26 32 37 38 39 40 41 42 44 46 47 48 50 54 59 62 63 68 74 75 77 78 79 85 88 92 94 98 99
43_100_reg.graph 1 4 5 6 8 10 11 13 17 20 23 25 26 29 31 34 37 38 41 43 48 50 52 54 55 56 58 65 66 70 72 73 78 90 99
44_100_reg.graph 0 4 7 10 12 14 16 17 19 25 27 28 29 31 34 36 39 40 42 53 58 59 62 65 66 68 69 70 73 74 76 79 82 84 88 89 90 97
45_100_reg.graph 0 1 4 5 6 7 8 9 12 13 17 22 33 34 36 38 39 41 45 46 51 52 59 60 61 63 69 70 71 73 75 78 80 81 84 87 97
