5030260250851100 [2, 2, 5, 5, 271, 39181, 4737461, 4737461]
5030260250851101 [3, 7, 7, 7, 19, 257289154051, 257289154051]
5030260250851102 [2, 2515130125425551, 2515130125425551]
5030260250851103 [43, 116982796531421, 116982796531421]
5030260250851104 [2, 2, 2, 2, 2, 3, 52398544279699, 52398544279699]
5030260250851105 [5, 1006052050170221, 1006052050170221]
5030260250851106 [2, 1061, 35999, 65849827, 65849827]
5030260250851107 [3, 3, 17, 23, 1429457303453, 1429457303453]
5030260250851108 [2, 2, 7, 13, 13, 563, 4973, 379681, 379681]
5030260250851109 [103, 48837478163603, 48837478163603]
5030260250851110 [2, 3, 5, 11, 2887, 5279949041, 5279949041]
5030260250851111 [67, 75078511206733, 75078511206733]
5030260250851112 [2, 2, 2, 47, 13378351730987, 13378351730987]
5030260250851113 [3, 1676753416950371, 1676753416950371]
5030260250851114 [2, 751, 3349041445307, 3349041445307]
5030260250851115 [5, 7, 2521, 67139, 849131, 849131]
5030260250851116 [2, 2, 3, 3, 3, 151, 308453535127, 308453535127]
5030260250851117 [109, 46149176613313, 46149176613313]
5030260250851118 [2, 61, 3119, 13219506701, 13219506701]
5030260250851119 [3, 1676753416950373, 1676753416950373]
