2064414225663380 [2, 2, 5, 103220711283169, 103220711283169]
2064414225663381 [3, 2621, 3719, 70596373, 70596373]
2064414225663382 [2, 23, 617, 72736742501, 72736742501]
2064414225663383 [11, 9619, 50873, 383519, 383519]
2064414225663384 [2, 2, 2, 3, 7, 31, 24103, 16445791, 16445791]
2064414225663385 [5, 412882845132677, 412882845132677]
2064414225663386 [2, 523, 8731, 226048261, 226048261]
2064414225663387 [3, 3, 3, 13, 19, 113, 2739414071, 2739414071]
2064414225663388 [2, 2, 89, 29483, 196686781, 196686781]
2064414225663389 [1721, 1199543419909, 1199543419909]
2064414225663390 [2, 3, 5, 68813807522113, 68813807522113]
2064414225663391 [7, 7, 347, 121414704797, 121414704797]
2064414225663392 [2, 2, 2, 2, 2, 17, 3794879091293, 3794879091293]
2064414225663393 [3, 688138075221131, 688138075221131]
2064414225663394 [2, 11, 93837010257427, 93837010257427]
2064414225663395 [5, 41, 10070313295919, 10070313295919]
2064414225663396 [2, 2, 3, 3, 467, 122794089083, 122794089083]
2064414225663397 [2064414225663397, 2064414225663397]
2064414225663398 [2, 7, 227, 383, 1696071577, 1696071577]
2064414225663399 [3, 688138075221133, 688138075221133]
